Alt,u,v,temp,bv2
22278.000,-3.029,-3.202,-0.040,0.001
22283.000,-2.907,-3.078,-0.030,0.000
22289.000,-2.907,-3.078,-0.020,0.001
22294.000,-2.907,-3.078,-0.010,0.001
22300.000,-2.783,-2.958,0.000,-0.000
22305.000,-2.783,-2.958,0.000,0.001
22311.000,-2.783,-2.958,0.000,0.001
22316.000,-2.658,-2.842,0.000,0.000
22322.000,-2.658,-2.842,0.000,0.001
22327.000,-2.658,-2.842,0.010,0.001
22333.000,-2.530,-2.730,0.020,-0.000
22338.000,-2.530,-2.730,0.030,0.001
22344.000,-2.433,-2.753,0.040,0.000
22349.000,-2.402,-2.622,-0.050,-0.000
22355.000,-2.402,-2.622,-0.040,0.001
22360.000,-2.271,-2.518,-0.030,0.001
22366.000,-2.271,-2.518,-0.020,0.001
22371.000,-2.271,-2.518,-0.010,0.001
22377.000,-2.140,-2.417,0.000,0.000
22382.000,-2.175,-2.543,0.000,0.001
22388.000,-2.078,-2.569,0.000,0.001
22393.000,-2.111,-2.694,0.000,-0.000
22399.000,-2.013,-2.719,0.000,0.001
22404.000,-2.043,-2.842,0.000,0.001
22410.000,-1.946,-2.865,0.000,-0.000
22415.000,-1.973,-2.988,0.000,0.001
22421.000,-1.973,-2.988,0.000,0.001
22426.000,-1.900,-3.130,0.010,0.000
22432.000,-1.900,-3.130,0.020,0.001
22437.000,-1.824,-3.269,0.030,0.001
22443.000,-1.824,-3.269,0.040,-0.000
22448.000,-1.745,-3.405,-0.050,0.000
22454.000,-1.745,-3.405,-0.040,0.001
22459.000,-1.664,-3.538,-0.030,0.000
22465.000,-1.664,-3.538,-0.020,0.001
22470.000,-1.680,-3.656,-0.010,0.001
22475.000,-1.580,-3.668,0.000,0.000
22481.000,-1.594,-3.784,0.000,0.001
22486.000,-1.505,-3.909,0.000,0.001
22492.000,-1.605,-3.901,0.000,0.000
22497.000,-1.714,-4.010,0.000,0.001
22503.000,-1.821,-4.124,0.000,0.001
22508.000,-1.826,-4.244,0.000,0.000
22514.000,-1.929,-4.362,0.000,0.001
22519.000,-2.029,-4.361,0.000,0.001
22524.000,-2.130,-4.485,0.000,0.000
22530.000,-2.229,-4.612,0.000,0.001
22535.000,-2.326,-4.743,0.000,0.001
22541.000,-2.326,-4.743,0.000,-0.000
22546.000,-2.420,-4.877,0.000,0.001
22552.000,-2.512,-5.015,0.000,0.001
22557.000,-2.612,-5.022,0.000,0.000
22563.000,-2.701,-5.164,0.000,0.001
22568.000,-2.787,-5.310,0.000,0.001
22573.000,-2.886,-5.321,0.000,0.000
22579.000,-2.970,-5.472,0.000,0.001
22584.000,-3.051,-5.626,0.000,0.001
22590.000,-3.150,-5.640,0.000,-0.000
22595.000,-3.227,-5.799,0.010,0.001
22601.000,-3.249,-5.654,0.020,0.001
22606.000,-3.348,-5.668,0.030,0.000
22612.000,-3.447,-5.682,0.040,0.000
22617.000,-3.565,-5.545,-0.050,0.000
22623.000,-3.565,-5.545,-0.040,-0.000
22628.000,-3.665,-5.557,-0.030,0.001
22634.000,-3.782,-5.415,-0.020,0.001
22639.000,-3.881,-5.425,0.000,0.000
22645.000,-3.881,-5.425,0.020,0.001
22650.000,-3.996,-5.278,0.030,0.001
22656.000,-4.095,-5.286,0.040,-0.000
22661.000,-4.195,-5.295,-0.050,0.000
22667.000,-4.307,-5.140,-0.040,0.001
22672.000,-4.307,-5.140,-0.030,0.000
22678.000,-4.407,-5.147,-0.020,0.001
22683.000,-4.517,-4.987,-0.010,0.001
22689.000,-4.617,-4.992,0.010,0.000
22694.000,-4.717,-4.998,0.020,0.001
22700.000,-4.717,-4.998,0.030,0.001
22705.000,-4.824,-4.830,0.040,-0.000
22711.000,-4.924,-4.834,-0.050,0.000
22716.000,-4.929,-4.659,-0.040,0.001
22722.000,-5.029,-4.661,-0.030,-0.000
22727.000,-5.030,-4.485,-0.020,0.001
22733.000,-5.130,-4.485,-0.010,0.001
22739.000,-5.129,-4.307,0.000,0.000
22744.000,-5.229,-4.305,0.000,0.001
22750.000,-5.224,-4.125,0.000,0.001
22755.000,-5.324,-4.122,0.000,0.000
22761.000,-5.316,-3.940,0.000,0.001
22766.000,-5.416,-3.935,0.000,0.001
22772.000,-5.405,-3.752,0.000,-0.000
22777.000,-5.504,-3.745,0.000,0.000
22783.000,-5.490,-3.561,0.000,0.001
22788.000,-5.590,-3.552,0.000,0.001
22794.000,-5.572,-3.366,0.000,-0.000
22799.000,-5.671,-3.356,0.000,0.001
22805.000,-5.749,-3.156,0.000,0.001
22811.000,-5.749,-3.156,0.000,0.000
22816.000,-5.823,-2.954,0.000,0.001
22822.000,-5.724,-2.968,0.000,0.001
22827.000,-5.597,-2.795,0.000,0.000
22833.000,-5.597,-2.795,0.000,0.001
22839.000,-5.468,-2.627,0.000,0.001
22844.000,-5.336,-2.462,0.000,0.000
22850.000,-5.237,-2.481,0.000,0.001
22855.000,-5.201,-2.302,0.000,0.001
22861.000,-5.103,-2.322,0.000,0.000
22867.000,-4.966,-2.168,0.000,0.001
22872.000,-4.924,-1.993,0.000,0.001
22878.000,-4.827,-2.017,0.000,-0.000
22883.000,-4.686,-1.871,0.000,0.001
22889.000,-4.639,-1.701,0.000,0.001
22895.000,-4.543,-1.728,0.000,0.000
22900.000,-4.398,-1.590,0.000,0.001
22906.000,-4.346,-1.425,0.000,0.001
22911.000,-4.251,-1.456,0.000,0.000
22917.000,-4.196,-1.294,0.000,0.001
22922.000,-4.045,-1.167,0.000,0.001
22928.000,-4.045,-1.167,0.000,0.000
22934.000,-3.951,-1.201,0.000,0.001
22939.000,-3.857,-1.235,0.000,0.001
22945.000,-3.913,-1.392,0.000,-0.000
22950.000,-3.818,-1.424,0.000,0.001
22956.000,-3.775,-1.611,-0.010,0.001
22961.000,-3.775,-1.611,-0.020,0.000
22967.000,-3.680,-1.642,-0.030,0.001
22972.000,-3.633,-1.824,-0.040,0.001
22978.000,-3.633,-1.824,0.050,0.000
22983.000,-3.582,-2.004,0.040,0.000
22988.000,-3.582,-2.004,0.030,0.001
22994.000,-3.527,-2.181,0.010,0.001
22999.000,-3.430,-2.207,-0.010,0.000
23005.000,-3.430,-2.207,-0.030,0.001
23010.000,-3.372,-2.380,-0.040,0.001
23016.000,-3.372,-2.380,0.050,0.000
23021.000,-3.310,-2.550,0.040,0.001
23027.000,-3.310,-2.550,0.020,0.001
23032.000,-3.245,-2.717,0.000,0.000
23037.000,-3.147,-2.738,-0.020,0.001
23043.000,-3.147,-2.738,-0.040,0.001
23048.000,-3.147,-2.738,0.050,0.000
23054.000,-3.115,-2.595,0.030,-0.000
23059.000,-3.212,-2.573,0.010,0.001
23065.000,-3.212,-2.573,-0.010,0.001
23070.000,-3.212,-2.573,-0.030,0.000
23075.000,-3.212,-2.573,0.050,0.001
23081.000,-3.178,-2.428,0.030,0.001
23086.000,-3.178,-2.428,0.010,0.000
23092.000,-3.178,-2.428,-0.010,0.001
23097.000,-3.178,-2.428,-0.030,0.001
23103.000,-3.141,-2.285,0.050,0.000
23108.000,-3.141,-2.285,0.030,0.000
23114.000,-3.141,-2.285,0.010,0.001
23119.000,-3.141,-2.285,-0.010,0.001
23124.000,-3.141,-2.285,-0.030,0.000
23130.000,-3.101,-2.142,0.050,0.001
23135.000,-3.101,-2.142,0.030,0.001
23140.000,-3.101,-2.142,0.010,0.000
23146.000,-3.101,-2.142,-0.010,0.001
23151.000,-3.155,-1.970,-0.030,0.001
23156.000,-3.155,-1.970,0.050,0.000
23162.000,-3.250,-1.941,0.030,-0.000
23167.000,-3.250,-1.941,0.010,0.001
23173.000,-3.205,-1.796,-0.010,0.001
23178.000,-3.300,-1.765,-0.030,0.000
23183.000,-3.300,-1.765,0.050,0.001
23189.000,-3.395,-1.734,0.030,0.001
23194.000,-3.345,-1.587,0.010,0.000
23199.000,-3.440,-1.555,-0.010,0.001
23205.000,-3.440,-1.555,-0.030,0.001
23210.000,-3.535,-1.522,0.050,0.000
