15576.000 2.773 2.587 -0.030 0.000
15581.000 2.631 2.669 0.000 0.001
15585.000 2.620 2.768 0.030 0.000
15590.000 2.734 2.985 -0.040 0.000
15595.000 2.725 3.084 -0.010 0.000
15600.000 2.716 3.184 0.020 0.000
15605.000 2.707 3.283 -0.050 -0.000
15610.000 2.686 3.482 -0.020 0.000
15615.000 2.677 3.581 0.020 0.000
15620.000 2.668 3.681 -0.050 0.000
15625.000 2.659 3.780 -0.020 0.001
15629.000 2.650 3.880 0.020 0.000
15634.000 2.628 4.078 -0.050 0.000
15639.000 2.619 4.178 -0.020 0.000
15644.000 2.610 4.277 0.020 -0.000
15649.000 2.601 4.377 -0.050 0.000
15654.000 2.757 4.495 -0.020 0.000
15659.000 2.739 4.695 0.020 0.000
15664.000 2.732 4.794 -0.050 0.000
15669.000 2.725 4.894 -0.020 0.000
15674.000 2.718 4.994 0.020 0.000
15679.000 2.700 5.193 -0.050 -0.000
15684.000 2.703 5.194 -0.020 0.000
15689.000 2.696 5.293 0.010 0.000
15694.000 2.688 5.393 -0.060 0.000
15699.000 2.692 5.394 -0.030 0.000
15704.000 2.684 5.494 0.000 0.000
15709.000 2.861 5.611 0.020 0.000
15714.000 2.864 5.612 -0.050 0.000
15719.000 2.859 5.712 -0.020 0.000
15724.000 2.853 5.812 0.000 0.000
15729.000 2.848 5.912 0.020 0.000
15734.000 2.851 5.913 -0.050 0.000
15739.000 2.845 6.013 -0.020 0.000
15744.000 2.840 6.113 0.000 0.000
15749.000 2.843 6.113 0.030 0.000
15754.000 2.837 6.214 -0.040 -0.000
15759.000 3.028 6.329 -0.010 0.000
15765.000 3.024 6.430 0.010 -0.000
15770.000 3.027 6.430 -0.070 0.000
15775.000 3.024 6.531 -0.050 0.000
15780.000 3.020 6.631 -0.020 0.000
15785.000 3.016 6.732 0.000 0.000
15790.000 3.212 6.944 0.020 0.000
15795.000 3.210 7.045 0.040 -0.000
15800.000 3.202 7.245 -0.050 -0.000
15805.000 3.200 7.346 -0.030 0.000
15810.000 3.193 7.546 -0.010 0.001
15814.000 3.410 7.656 0.010 0.001
15819.000 3.406 7.857 0.030 0.000
15824.000 3.406 7.958 -0.050 -0.000
15829.000 3.402 8.158 -0.040 0.000
15833.000 3.631 8.265 -0.020 0.001
15838.000 3.631 8.466 0.000 0.001
15843.000 3.632 8.566 0.020 0.001
15848.000 3.631 8.767 0.040 -0.000
15853.000 3.633 8.868 -0.050 -0.000
15857.000 3.876 9.071 -0.030 0.001
15862.000 3.879 9.172 -0.010 0.001
15867.000 3.882 9.372 0.010 0.001
15872.000 3.885 9.473 0.030 -0.000
15876.000 3.888 9.674 -0.050 -0.000
15881.000 3.891 9.775 -0.040 0.000
15886.000 4.153 9.873 -0.020 0.001
15891.000 4.159 10.074 0.000 0.001
15895.000 4.164 10.175 0.020 0.001
15900.000 4.169 10.276 0.040 -0.000
15905.000 4.441 10.370 -0.050 -0.000
15910.000 4.451 10.570 -0.030 0.001
15915.000 4.457 10.671 -0.010 0.001
15919.000 4.464 10.772 0.010 0.001
15924.000 4.470 10.873 0.030 -0.000
15929.000 4.760 11.061 -0.050 -0.000
15934.000 4.768 11.162 -0.030 0.001
15938.000 4.776 11.263 -0.010 0.001
15943.000 4.785 11.364 0.010 0.001
15948.000 4.793 11.465 0.030 -0.000
15952.000 4.807 11.665 -0.050 -0.000
15957.000 5.106 11.748 -0.030 0.001
15962.000 5.117 11.849 -0.010 0.001
15966.000 5.134 12.050 0.010 0.000
15971.000 5.145 12.150 0.040 -0.000
15975.000 5.148 12.151 -0.030 -0.000
15980.000 5.458 12.229 -0.010 0.001
15984.000 5.470 12.329 0.010 -0.000
15989.000 5.473 12.330 -0.060 -0.000
15993.000 5.486 12.431 -0.030 0.001
15998.000 5.802 12.503 0.000 0.001
16002.000 5.806 12.504 0.020 -0.000
16007.000 5.820 12.604 -0.050 -0.000
16011.000 5.834 12.705 -0.020 0.001
16016.000 5.838 12.706 0.000 0.001
16020.000 6.161 12.772 0.030 -0.000
16025.000 6.177 12.872 -0.040 -0.000
16029.000 6.181 12.873 -0.010 0.001
16034.000 6.197 12.974 0.010 -0.000
16038.000 6.526 13.033 -0.060 -0.000
16043.000 6.530 13.034 -0.030 0.000
16047.000 6.547 13.134 0.000 0.001
16052.000 6.565 13.235 0.020 -0.000
16056.000 6.569 13.236 -0.050 -0.000
16061.000 6.904 13.289 -0.020 0.000
16065.000 6.908 13.290 0.000 0.001
16070.000 6.912 13.291 0.020 0.000
16075.000 6.900 13.193 -0.060 -0.000
16079.000 6.904 13.195 -0.040 0.000
16084.000 7.223 13.143 -0.030 0.001
16088.000 7.227 13.145 -0.020 0.001
16093.000 7.231 13.146 -0.010 0.001
16097.000 7.217 13.049 0.010 0.000
16102.000 7.533 12.992 0.020 0.000
16106.000 7.537 12.993 0.030 0.001
16111.000 7.541 12.995 0.040 0.000
16116.000 7.545 12.996 -0.050 -0.000
16120.000 7.839 12.836 -0.040 0.000
16125.000 7.843 12.837 -0.030 0.001
16129.000 7.847 12.839 -0.020 0.001
16134.000 7.851 12.840 -0.010 0.000
16139.000 8.163 12.773 0.000 0.000
16143.000 8.167 12.774 0.000 0.001
16148.000 8.148 12.678 0.000 0.001
16152.000 8.152 12.679 0.000 0.000
16157.000 8.437 12.510 0.000 0.000
16162.000 8.417 12.414 0.000 0.001
16166.000 8.722 12.337 0.000 0.001
16171.000 8.700 12.242 0.000 0.000
16175.000 8.974 12.064 0.000 0.000
16180.000 8.950 11.969 0.000 0.001
16185.000 8.927 11.874 0.000 0.001
16189.000 9.192 11.693 0.000 0.000
16194.000 9.167 11.599 0.000 0.000
16198.000 9.426 11.415 0.000 0.001
16203.000 9.430 11.416 0.000 0.001
16208.000 9.685 11.227 0.000 0.000
16212.000 9.656 11.134 0.000 0.000
16217.000 9.904 10.942 -0.010 0.001
16221.000 9.873 10.849 -0.020 0.001
16226.000 10.150 10.748 -0.030 0.000
16231.000 10.118 10.655 -0.040 0.001
16235.000 10.354 10.457 0.050 0.001
16240.000 10.321 10.365 0.040 0.001
16245.000 10.589 10.256 0.030 0.000
16249.000 10.554 10.165 0.020 0.000
16254.000 10.558 10.165 0.010 0.001
16259.000 10.782 9.961 0.000 0.001
16263.000 10.786 9.961 0.000 0.000
16268.000 10.749 9.870 0.000 0.000
16273.000 11.008 9.754 0.000 0.001
16277.000 10.970 9.664 0.000 0.001
